1,3371,1,0,0
2,895,1,0,0
3,188,1,0,0
4,80,1,0,0
5,30379,1,30379,489
6,1904,1,1904,0
7,442,1,442,0
8,111,1,111,0
9,8071,1,16142,45
10,497,1,994,0
11,168,1,336,0
12,1305,1,3915,0
13,491,1,1976,0
14,566,1,0,0
15,151,1,0,0
16,47,1,0,0
18,4830,1,4830,26
19,1333,1,1333,0
20,148,1,148,0
21,32,1,32,0
22,1809,1,3618,0
23,282,1,564,0
24,43,1,86,0
25,210,1,630,0
27,811,1,0,0
28,117,1,0,0
31,4966,1,4966,0
32,2651,1,2651,0
33,158,1,158,0
34,37,1,37,0
35,1810,1,3620,0
36,144,1,288,0
37,39,1,78,0
38,148,1,444,0
39,73,1,219,0
40,1063,1,0,0
41,386,1,0,0
42,31,1,0,0
43,22,1,0,0
44,3088,1,3088,13
45,2742,1,2742,0
46,237,1,237,0
48,1602,1,3204,0
49,199,1,398,0
50,49,1,98,0
51,63,1,189,0
52,110,1,342,0
53,16,1,0,0
57,32111,1,32111,31264
58,1037,1,1037,845
59,120,1,120,120
60,55,1,55,55
61,12257,1,24514,6512
62,526,1,1052,166
63,49,1,98,23
64,1699,1,5097,299
65,442,1,1690,123
70,1748,1,1748,1679
71,1288,1,1288,1222
73,12,1,12,12
74,3364,1,6728,1765
75,385,1,770,40
76,144,1,288,0
77,167,1,501,102
78,652,1,2264,55
83,1042,1,1042,883
84,1219,1,1219,1188
85,273,1,273,172
86,41,1,41,20
87,3247,1,6494,1692
88,732,1,1464,343
89,47,1,94,47
90,345,1,1035,40
91,415,1,1396,22
96,741,1,741,580
97,866,1,866,815
98,33,1,33,13
99,76,1,76,46
100,1514,1,3028,694
101,290,1,580,113
102,78,1,156,29
103,359,1,1077,14
104,246,1,851,0
105,23,1,0,0
106,17,1,0,0
109,20196,1,20196,20041
110,781,1,781,781
113,19206,1,38412,29025
114,282,1,564,373
115,54,1,108,54
116,2473,1,7419,2772
117,912,1,3601,440
122,543,1,543,543
123,420,1,420,380
126,3512,1,7024,4659
127,228,1,456,261
128,123,1,246,181
129,354,1,1062,421
130,364,1,1339,153
135,179,1,179,179
136,128,1,128,128
139,2633,1,5266,3628
140,180,1,360,248
141,234,1,468,389
142,118,1,354,144
143,360,1,1353,373
148,32,1,32,32
149,248,1,248,248
150,19,1,19,19
152,1231,1,2462,1589
153,194,1,388,210
154,75,1,150,75
155,238,1,714,162
156,260,1,930,230
157,64,1,0,0
161,8694,1,8694,8657
162,171,1,171,171
163,43,1,43,43
165,26147,1,52294,49098
166,253,1,506,447
167,33,1,66,58
168,3823,1,11469,8759
169,1421,1,5815,3438
174,155,1,155,155
175,94,1,94,94
178,5535,1,11070,9883
179,14,1,28,28
180,41,1,82,57
181,92,1,276,197
182,476,1,1960,819
187,58,1,58,58
188,249,1,249,249
191,2236,1,4472,3677
192,61,1,122,93
194,81,1,243,167
195,81,1,362,183
201,75,1,75,75
202,32,1,32,32
204,500,1,1000,890
206,16,1,32,32
207,16,1,48,16
208,120,1,522,206
209,16464,1,0,0
210,3410,1,0,0
211,726,1,0,0
212,74,1,0,0
213,34787,1,34787,386
214,7525,1,7525,37
215,1725,1,1725,0
216,555,1,555,0
217,6019,1,12038,114
218,1905,1,3810,0
219,500,1,1000,0
220,959,1,2877,0
221,515,1,1764,11
222,965,1,0,0
223,706,1,0,0
224,220,1,0,0
225,81,1,0,0
226,3273,1,3273,37
227,3245,1,3245,39
228,1259,1,1259,0
229,359,1,359,0
230,2245,1,4490,0
231,1051,1,2102,18
232,521,1,1042,0
233,375,1,1125,0
234,279,1,908,0
235,525,1,0,0
236,433,1,0,0
237,196,1,0,0
238,62,1,0,0
239,1249,1,1249,0
240,2710,1,2710,21
241,573,1,573,31
242,399,1,399,0
243,1114,1,2228,0
244,629,1,1258,0
245,287,1,574,0
246,109,1,327,0
247,73,1,278,0
248,290,1,0,0
249,330,1,0,0
250,184,1,0,0
251,81,1,0,0
252,524,1,524,0
253,2209,1,2209,0
254,477,1,477,0
255,289,1,289,0
256,884,1,1768,0
257,547,1,1094,0
258,306,1,612,0
259,55,1,165,0
260,139,1,456,0
261,845,1,0,0
262,467,1,0,0
263,51,1,0,0
264,122,1,0,0
265,29291,1,29291,26685
266,5739,1,5739,3604
267,1197,1,1197,931
268,380,1,380,220
269,10296,1,20592,5399
270,2940,1,5880,1553
271,1138,1,2276,307
272,2826,1,8478,972
273,1819,1,6142,430
275,85,1,0,0
278,1753,1,1753,1504
279,1613,1,1613,1208
280,474,1,474,376
281,267,1,267,219
282,2589,1,5178,1285
283,1578,1,3156,850
284,808,1,1616,478
285,1061,1,3183,375
286,1346,1,4869,287
287,32,1,0,0
288,81,1,0,0
291,689,1,689,557
292,1301,1,1301,1143
293,520,1,520,364
294,249,1,249,126
295,1991,1,3982,1080
296,1080,1,2160,459
297,519,1,1038,248
298,668,1,2004,227
299,470,1,1589,68
301,24,1,0,0
302,22,1,0,0
304,115,1,115,115
305,805,1,805,737
306,272,1,272,245
307,152,1,152,67
308,1952,1,3904,1049
309,680,1,1360,224
310,269,1,538,64
311,418,1,1254,22
312,645,1,2317,235
313,312,1,0,0
314,128,1,0,0
315,32,1,0,0
317,25464,1,25464,24873
318,2882,1,2882,2547
319,619,1,619,521
320,224,1,224,207
321,12816,1,25632,16489
322,1695,1,3390,1954
323,1026,1,2052,1104
324,3426,1,10278,3547
325,3987,1,14795,3592
330,1175,1,1175,1150
331,824,1,824,805
332,346,1,346,346
333,233,1,233,233
334,3424,1,6848,4666
335,1715,1,3430,1908
336,339,1,678,409
337,1371,1,4113,1485
338,1912,1,7263,1503
343,389,1,389,389
344,661,1,661,602
345,76,1,76,76
346,19,1,19,19
347,2463,1,4926,3397
348,689,1,1378,836
349,299,1,598,409
350,678,1,2034,807
351,1302,1,4654,1209
356,131,1,131,131
357,428,1,428,428
358,227,1,227,227
359,96,1,96,71
360,1136,1,2272,1310
361,586,1,1172,639
362,195,1,390,225
363,227,1,681,291
364,1035,1,3800,1019
365,215,1,0,0
366,182,1,0,0
369,18782,1,18782,18270
370,2439,1,2439,2174
371,325,1,325,325
372,97,1,97,77
373,23323,1,46646,39319
374,1886,1,3772,3107
375,488,1,976,726
376,4260,1,12780,7726
377,4303,1,16925,8068
379,23,1,0,0
382,843,1,843,843
383,663,1,663,663
384,139,1,139,139
386,6699,1,13398,11268
387,975,1,1950,1420
388,81,1,162,108
389,1202,1,3606,2183
390,1800,1,6785,3663
393,13,1,0,0
395,256,1,256,256
396,894,1,894,894
397,122,1,122,87
398,28,1,28,28
399,6732,1,13464,11283
400,546,1,1092,847
401,115,1,230,230
402,508,1,1524,982
403,719,1,2827,1187
405,23,1,0,0
408,67,1,67,67
409,658,1,658,658
410,25,1,25,25
411,43,1,43,43
412,1770,1,3540,2926
413,81,1,162,106
414,57,1,114,57
415,220,1,660,456
416,767,1,3385,1167
417,35117,1,0,0
418,8331,1,0,0
419,774,1,0,0
420,124,1,0,0
421,6845,1,6845,0
422,3503,1,3503,27
423,469,1,469,0
424,93,1,93,0
425,751,1,1502,0
426,445,1,890,0
428,84,1,252,0
429,77,1,233,0
430,260,1,0,0
431,120,1,0,0
432,76,1,0,0
433,25,1,0,0
434,54,1,54,0
435,201,1,201,0
436,56,1,56,0
437,21,1,21,0
438,25,1,50,0
439,60,1,120,0
440,13,1,26,0
442,26,1,104,0
443,75,1,0,0
444,139,1,0,0
445,66,1,0,0
446,18,1,0,0
447,14,1,14,0
448,35,1,35,0
449,107,1,107,0
451,54,1,108,0
452,29,1,58,0
453,38,1,76,0
454,24,1,72,0
457,118,1,0,0
459,18,1,0,0
460,13,1,13,0
464,10,1,20,0
465,30,1,60,0
468,23,1,69,0
469,5196,1,0,0
470,3709,1,0,0
471,299,1,0,0
473,3115,1,3115,950
474,3128,1,3128,918
475,780,1,780,127
476,332,1,332,50
477,1675,1,3350,389
478,565,1,1130,95
479,163,1,326,14
480,179,1,537,18
481,286,1,955,15
482,24,1,0,0
483,56,1,0,0
486,21,1,21,14
487,154,1,154,74
488,69,1,69,10
489,71,1,71,0
490,104,1,208,0
491,86,1,172,0
492,133,1,266,0
494,59,1,177,26
495,17,1,0,0
500,39,1,39,12
502,53,1,53,0
504,103,1,206,0
505,59,1,118,32
506,33,1,99,0
507,38,1,141,11
514,63,1,63,51
515,29,1,29,0
516,38,1,76,0
517,14,1,28,0
518,31,1,62,0
520,105,1,407,0
521,1471,1,0,0
522,1164,1,0,0
523,77,1,0,0
524,32,1,0,0
525,1950,1,1950,1317
526,2362,1,2362,1344
527,457,1,457,334
528,138,1,138,77
529,1794,1,3588,1184
530,1082,1,2164,691
531,340,1,680,400
532,294,1,882,218
533,464,1,1564,236
536,11,1,0,0
539,13,1,13,13
540,59,1,59,42
541,113,1,113,97
542,49,1,98,49
543,113,1,226,190
544,125,1,250,125
545,12,1,36,12
546,146,1,462,108
552,37,1,37,0
557,133,1,266,149
558,35,1,105,52
559,124,1,384,119
565,52,1,52,15
569,63,1,126,63
570,50,1,100,14
571,37,1,111,59
572,76,1,265,56
573,945,1,0,0
574,1164,1,0,0
575,13,1,0,0
576,14,1,0,0
577,1652,1,1652,1279
578,2004,1,2004,1424
579,175,1,175,135
580,13,1,13,13
581,3048,1,6096,3846
582,554,1,1108,568
583,246,1,492,333
584,420,1,1260,594
585,530,1,2074,884
591,28,1,28,28
592,15,1,15,15
593,29,1,29,29
594,16,1,32,16
596,105,1,210,144
597,86,1,258,156
598,177,1,668,391
607,14,1,28,14
608,7,1,14,7
610,13,1,39,13
611,44,1,198,72
624,85,1,278,140
1,2482,2,0,0
2,405,2,0,0
3,120,2,0,0
5,17982,2,17982,301
6,2488,2,2488,0
7,396,2,396,0
8,112,2,112,0
9,4757,2,9514,20
10,449,2,898,0
11,83,2,166,0
12,469,2,1407,0
13,334,2,1236,0
14,816,2,0,0
15,254,2,0,0
18,6431,2,6431,47
19,2296,2,2296,19
20,169,2,169,0
22,3870,2,7740,15
23,250,2,500,0
25,260,2,780,0
26,45,2,157,0
27,835,2,0,0
28,186,2,0,0
31,5086,2,5086,0
32,3738,2,3738,116
33,324,2,324,0
34,28,2,28,0
35,3424,2,6848,30
36,239,2,478,0
37,100,2,200,0
38,349,2,1047,0
39,50,2,176,0
40,803,2,0,0
41,354,2,0,0
43,17,2,0,0
44,5447,2,5447,0
45,3019,2,3019,41
46,262,2,262,0
48,2642,2,5284,0
49,413,2,826,0
50,128,2,256,0
51,170,2,510,0
52,31,2,124,0
53,40,2,0,0
54,20,2,0,0
55,56,2,0,0
57,21427,2,21427,21147
58,1726,2,1726,1651
59,89,2,89,89
60,64,2,64,29
61,12243,2,24486,6845
62,803,2,1606,471
63,200,2,400,135
64,1645,2,4935,414
65,592,2,2290,87
67,21,2,0,0
70,3442,2,3442,3200
71,1602,2,1602,1373
72,124,2,124,124
74,7778,2,15556,4431
75,676,2,1352,387
76,140,2,280,24
77,621,2,1863,124
78,393,2,1392,74
79,12,2,0,0
80,13,2,0,0
83,2562,2,2562,2350
84,2535,2,2535,2302
85,139,2,139,139
86,31,2,31,31
87,6603,2,13206,4189
88,550,2,1100,126
89,143,2,286,140
90,378,2,1134,100
91,247,2,911,67
96,1413,2,1413,1068
97,2245,2,2245,2030
98,22,2,22,22
99,42,2,42,13
100,3957,2,7914,2391
101,880,2,1760,372
102,121,2,242,42
103,280,2,840,77
104,277,2,1037,0
105,14,2,0,0
109,10473,2,10473,10413
110,792,2,792,729
111,163,2,163,134
113,17062,2,34124,24852
114,524,2,1048,423
115,169,2,338,184
116,1946,2,5838,1844
117,1098,2,4401,777
118,15,2,0,0
122,1182,2,1182,1161
123,847,2,847,847
124,28,2,28,28
126,8715,2,17430,11554
127,364,2,728,513
128,113,2,226,135
129,662,2,1986,621
130,525,2,1902,223
135,595,2,595,595
136,906,2,906,906
137,30,2,30,30
138,5,2,5,5
139,9140,2,18280,12103
140,737,2,1474,1169
141,133,2,266,133
142,530,2,1590,627
143,925,2,3436,578
144,16,2,0,0
148,166,2,166,166
149,1086,2,1086,1065
150,20,2,20,0
152,4594,2,9188,5656
153,389,2,778,405
154,182,2,364,254
155,229,2,687,301
156,579,2,2391,464
161,1634,2,1634,1634
162,195,2,195,195
163,71,2,71,71
165,12565,2,25130,23270
166,279,2,558,544
167,122,2,244,205
168,1094,2,3282,2520
169,1368,2,6095,3022
174,46,2,46,46
175,238,2,238,238
176,41,2,41,41
177,60,2,60,60
178,6991,2,13982,12550
179,121,2,242,180
180,127,2,254,254
181,445,2,1335,933
182,753,2,3258,1565
187,30,2,30,30
188,449,2,449,449
189,16,2,16,16
191,7477,2,14954,12486
192,301,2,602,442
193,179,2,358,342
194,363,2,1089,681
195,530,2,2093,1014
200,72,2,72,72
201,545,2,545,545
202,58,2,58,58
203,32,2,32,32
204,1872,2,3744,3134
205,249,2,498,461
206,47,2,94,62
207,89,2,267,165
208,245,2,999,484
209,15881,2,0,0
210,4435,2,0,0
211,581,2,0,0
212,233,2,0,0
213,44527,2,44527,815
214,10254,2,10254,174
215,2247,2,2247,0
216,392,2,392,0
217,10891,2,21782,52
218,2934,2,5868,34
219,875,2,1750,14
220,1356,2,4068,0
221,808,2,2610,0
222,1458,2,0,0
223,912,2,0,0
224,386,2,0,0
225,89,2,0,0
226,4580,2,4580,23
227,3962,2,3962,70
228,1463,2,1463,0
229,532,2,532,0
230,3677,2,7354,35
231,1727,2,3454,24
232,577,2,1154,0
233,567,2,1701,0
234,679,2,2221,0
235,816,2,0,0
236,499,2,0,0
237,72,2,0,0
238,22,2,0,0
239,2801,2,2801,17
240,3151,2,3151,21
241,654,2,654,0
242,158,2,158,0
243,2878,2,5756,0
244,920,2,1840,0
245,424,2,848,0
246,321,2,963,0
247,262,2,896,0
248,474,2,0,0
249,504,2,0,0
250,96,2,0,0
251,15,2,0,0
252,1956,2,1956,20
253,3697,2,3697,109
254,601,2,601,0
255,165,2,165,0
256,1729,2,3458,17
257,535,2,1070,0
258,208,2,416,0
259,378,2,1134,0
260,513,2,1772,0
261,2212,2,0,0
262,1150,2,0,0
263,281,2,0,0
264,60,2,0,0
265,53316,2,53316,46733
266,13619,2,13619,8656
267,2619,2,2619,1796
268,377,2,377,213
269,28504,2,57008,16227
270,5812,2,11624,3368
271,1773,2,3546,824
272,5799,2,17397,2489
273,4906,2,17087,1417
274,42,2,0,0
275,211,2,0,0
276,3,2,0,0
277,25,2,0,0
278,5362,2,5362,5017
279,2913,2,2913,2455
280,1407,2,1407,978
281,413,2,413,304
282,7913,2,15826,4958
283,3672,2,7344,2318
284,1489,2,2978,770
285,2910,2,8730,1252
286,2674,2,9689,917
287,38,2,0,0
288,77,2,0,0
289,52,2,0,0
290,16,2,0,0
291,2331,2,2331,2153
292,3966,2,3966,3455
293,596,2,596,487
294,138,2,138,48
295,7494,2,14988,4907
296,2219,2,4438,1112
297,606,2,1212,174
298,1885,2,5655,607
299,1325,2,4747,424
300,91,2,0,0
301,93,2,0,0
304,791,2,791,695
305,2550,2,2550,2121
306,359,2,359,273
307,78,2,78,78
308,4231,2,8462,2349
309,1352,2,2704,959
310,374,2,748,187
311,1193,2,3579,643
312,1150,2,3972,178
313,527,2,0,0
314,518,2,0,0
315,68,2,0,0
316,19,2,0,0
317,35629,2,35629,34196
318,11508,2,11508,9592
319,1375,2,1375,1076
320,398,2,398,331
321,43908,2,87816,55235
322,9280,2,18560,10103
323,2090,2,4180,2012
324,14319,2,42957,15789
325,12206,2,45321,12374
326,44,2,0,0
330,3306,2,3306,3217
331,2489,2,2489,2429
332,902,2,902,876
333,106,2,106,88
334,11852,2,23704,15517
335,5105,2,10210,6039
336,1221,2,2442,1333
337,5163,2,15489,6313
338,5872,2,21605,5590
339,22,2,0,0
340,35,2,0,0
343,1637,2,1637,1543
344,3658,2,3658,3637
345,469,2,469,436
346,262,2,262,247
347,14392,2,28784,18359
348,2272,2,4544,2579
349,540,2,1080,698
350,2804,2,8412,3299
351,2941,2,10888,2958
352,13,2,0,0
356,434,2,434,425
357,2505,2,2505,2418
358,304,2,304,255
359,35,2,35,0
360,6818,2,13636,8141
361,1470,2,2940,2080
362,440,2,880,376
363,902,2,2706,1093
364,1960,2,7614,1710
365,392,2,0,0
366,414,2,0,0
367,65,2,0,0
369,14079,2,14079,13304
370,7150,2,7150,6329
371,1263,2,1263,1165
372,154,2,154,154
373,56461,2,112922,92810
374,9081,2,18162,13631
375,2645,2,5290,4012
376,25101,2,75303,45336
377,26684,2,104330,51690
379,72,2,0,0
380,3,2,0,0
382,869,2,869,858
383,2167,2,2167,2118
384,606,2,606,588
385,87,2,87,87
386,16890,2,33780,28459
387,6144,2,12288,9645
388,1086,2,2172,1586
389,7479,2,22437,13125
390,8383,2,32776,14308
391,48,2,0,0
393,28,2,0,0
395,904,2,904,904
396,4641,2,4641,4598
397,517,2,517,517
398,20,2,20,20
399,25487,2,50974,42189
400,2907,2,5814,4357
401,608,2,1216,876
402,3981,2,11943,6891
403,3227,2,13127,5759
404,17,2,0,0
408,154,2,154,126
409,4790,2,4790,4748
410,308,2,308,308
411,13,2,13,13
412,11702,2,23404,17978
413,923,2,1846,1186
414,445,2,890,601
415,1591,2,4773,2467
416,2379,2,10347,4347
417,76694,2,0,0
418,19423,2,0,0
419,942,2,0,0
420,199,2,0,0
421,17121,2,17121,29
422,8670,2,8670,34
423,1073,2,1073,0
424,243,2,243,0
425,2539,2,5078,0
426,800,2,1600,0
427,241,2,482,0
428,55,2,165,0
429,217,2,700,0
430,155,2,0,0
431,326,2,0,0
432,60,2,0,0
433,72,2,0,0
434,160,2,160,0
435,478,2,478,0
436,133,2,133,0
437,179,2,179,0
438,139,2,278,0
439,163,2,326,0
440,89,2,178,0
441,13,2,39,0
442,3,2,9,0
443,44,2,0,0
444,177,2,0,0
445,30,2,0,0
447,20,2,20,0
448,148,2,148,0
449,112,2,112,0
450,9,2,9,0
452,24,2,48,0
453,116,2,232,0
454,22,2,66,0
455,46,2,138,0
456,163,2,0,0
457,13,2,0,0
458,51,2,0,0
460,13,2,13,0
461,41,2,41,0
462,8,2,8,0
463,10,2,10,0
464,57,2,114,0
465,32,2,64,0
466,23,2,46,0
468,16,2,48,0
469,20343,2,0,0
470,21611,2,0,0
471,824,2,0,0
472,136,2,0,0
473,12453,2,12453,3212
474,15676,2,15676,2595
475,3157,2,3157,383
476,529,2,529,56
477,6920,2,13840,1266
478,1686,2,3372,194
479,528,2,1056,55
480,692,2,2076,176
481,710,2,2459,94
482,36,2,0,0
483,61,2,0,0
484,15,2,0,0
485,17,2,0,0
486,68,2,68,53
487,341,2,341,130
488,378,2,378,78
489,88,2,88,16
490,251,2,502,24
491,304,2,608,25
492,176,2,352,27
493,92,2,276,0
494,320,2,976,0
496,34,2,0,0
497,13,2,0,0
498,27,2,0,0
499,45,2,45,45
500,84,2,84,0
501,206,2,206,90
502,57,2,57,0
503,21,2,42,0
504,88,2,176,19
505,77,2,154,0
506,37,2,111,0
507,53,2,212,21
508,16,2,0,0
509,32,2,0,0
510,10,2,0,0
511,28,2,0,0
513,129,2,129,0
514,27,2,27,0
515,23,2,23,0
516,51,2,102,0
517,28,2,56,0
518,162,2,324,0
519,29,2,87,0
520,33,2,119,0
521,4771,2,0,0
522,9493,2,0,0
523,383,2,0,0
524,60,2,0,0
525,5234,2,5234,3194
526,13112,2,13112,7364
527,2427,2,2427,1393
528,458,2,458,249
529,9540,2,19080,6414
530,2946,2,5892,1963
531,1056,2,2112,660
532,1837,2,5511,1274
533,1216,2,4209,775
534,20,2,0,0
535,22,2,0,0
539,139,2,139,94
540,168,2,168,102
541,70,2,70,55
542,81,2,162,81
543,411,2,822,281
544,403,2,806,195
545,218,2,654,203
546,451,2,1644,285
548,46,2,0,0
552,36,2,36,36
553,51,2,51,37
554,15,2,15,0
555,77,2,154,78
556,294,2,588,170
557,78,2,156,52
558,53,2,159,53
559,237,2,838,132
565,2,2,2,2
566,43,2,43,43
567,32,2,32,0
569,112,2,224,113
570,156,2,312,145
571,19,2,57,0
572,109,2,436,0
573,3870,2,0,0
574,5538,2,0,0
575,189,2,0,0
576,16,2,0,0
577,2614,2,2614,1777
578,8616,2,8616,5627
579,1641,2,1641,1200
580,110,2,110,75
581,10387,2,20774,12497
582,2397,2,4794,3092
583,587,2,1174,778
584,2438,2,7314,3440
585,2432,2,9302,4531
590,14,2,14,0
591,70,2,70,70
592,74,2,74,74
594,188,2,376,225
595,137,2,274,223
596,130,2,260,139
597,289,2,867,522
598,825,2,3146,1306
600,34,2,0,0
604,11,2,11,11
605,16,2,16,16
606,83,2,83,83
607,48,2,96,48
608,213,2,426,322
609,16,2,32,0
610,99,2,297,155
611,268,2,894,429
621,35,2,70,45
622,22,2,44,44
623,50,2,150,50
624,158,2,599,306
1,605,3,0,0
5,7244,3,7244,39
6,321,3,321,9
7,16,3,16,0
9,2436,3,4872,0
10,107,3,214,0
12,259,3,777,0
13,115,3,460,0
14,287,3,0,0
18,2397,3,2397,0
19,917,3,917,0
22,1456,3,2912,0
23,89,3,178,0
25,40,3,120,0
27,118,3,0,0
28,6,3,0,0
31,1903,3,1903,15
32,705,3,705,0
33,68,3,68,0
35,1694,3,3388,106
36,50,3,100,0
37,60,3,120,0
38,38,3,114,0
40,329,3,0,0
44,1849,3,1849,0
45,849,3,849,17
46,46,3,46,0
48,1311,3,2622,0
49,105,3,210,0
50,18,3,36,0
51,61,3,183,0
52,26,3,78,0
57,12208,3,12208,12118
58,585,3,585,568
61,5325,3,10650,3504
62,118,3,236,49
64,520,3,1560,84
65,139,3,532,67
70,1732,3,1732,1522
71,541,3,541,487
74,4285,3,8570,2542
75,163,3,326,36
76,22,3,44,22
77,290,3,870,117
78,85,3,324,14
83,1319,3,1319,1110
84,1114,3,1114,1075
86,21,3,21,0
87,3922,3,7844,2089
88,272,3,544,124
89,9,3,18,0
90,169,3,507,30
91,168,3,523,26
96,348,3,348,286
97,737,3,737,594
98,102,3,102,57
100,2450,3,4900,1562
101,94,3,188,39
103,260,3,780,105
104,250,3,997,0
109,6135,3,6135,6109
110,578,3,578,578
111,51,3,51,51
112,44,3,44,0
113,12205,3,24410,18660
114,265,3,530,422
115,106,3,212,106
116,688,3,2064,692
117,405,3,1757,273
122,258,3,258,258
123,678,3,678,678
125,13,3,13,13
126,5986,3,11972,8146
127,118,3,236,139
128,39,3,78,39
129,492,3,1476,594
130,288,3,1010,231
135,136,3,136,136
136,1018,3,1018,1018
139,5992,3,11984,7326
140,302,3,604,323
141,155,3,310,233
142,378,3,1134,336
143,386,3,1405,315
148,260,3,260,243
149,392,3,392,392
152,2726,3,5452,3289
153,107,3,214,178
154,136,3,272,174
155,128,3,384,168
156,132,3,543,108
161,1336,3,1336,1322
162,83,3,83,83
165,10926,3,21852,20683
166,181,3,362,282
167,19,3,38,38
168,1038,3,3114,2455
169,398,3,1587,981
174,45,3,45,31
175,177,3,177,177
178,6144,3,12288,10985
179,74,3,148,109
180,15,3,30,30
181,237,3,711,407
182,344,3,1361,753
187,120,3,120,103
188,567,3,567,567
189,61,3,61,61
191,5774,3,11548,9691
192,225,3,450,432
193,92,3,184,130
194,334,3,1002,631
195,312,3,1245,654
201,397,3,397,397
204,2002,3,4004,3242
205,36,3,72,59
206,12,3,24,12
207,158,3,474,315
208,58,3,225,137
209,5579,3,0,0
210,1525,3,0,0
211,96,3,0,0
213,16825,3,16825,389
214,3070,3,3070,0
215,390,3,390,0
216,217,3,217,0
217,3721,3,7442,16
218,632,3,1264,0
219,144,3,288,0
220,451,3,1353,27
221,278,3,894,0
222,312,3,0,0
223,156,3,0,0
224,27,3,0,0
226,1898,3,1898,0
227,952,3,952,32
228,282,3,282,0
229,62,3,62,0
230,1264,3,2528,19
231,499,3,998,0
232,190,3,380,0
233,283,3,849,0
234,121,3,421,0
235,122,3,0,0
236,95,3,0,0
237,88,3,0,0
239,1308,3,1308,88
240,997,3,997,0
241,138,3,138,0
242,136,3,136,78
243,1309,3,2618,0
244,195,3,390,0
245,35,3,70,0
246,79,3,237,0
247,203,3,676,0
248,93,3,0,0
249,103,3,0,0
251,10,3,0,0
252,698,3,698,0
253,1359,3,1359,0
254,136,3,136,0
255,23,3,23,0
256,843,3,1686,0
257,194,3,388,0
258,63,3,126,0
259,59,3,177,0
260,19,3,57,0
261,672,3,0,0
262,553,3,0,0
263,66,3,0,0
264,26,3,0,0
265,23760,3,23760,21311
266,4959,3,4959,2468
267,835,3,835,416
268,79,3,79,79
269,12724,3,25448,7043
270,2071,3,4142,1153
271,414,3,828,265
272,2514,3,7542,1262
273,1578,3,5699,499
275,35,3,0,0
278,2485,3,2485,2121
279,1091,3,1091,784
280,308,3,308,240
281,89,3,89,72
282,4406,3,8812,3207
283,1572,3,3144,932
284,361,3,722,301
285,1591,3,4773,927
286,1253,3,4285,441
288,21,3,0,0
291,1247,3,1247,895
292,1467,3,1467,1256
293,203,3,203,155
295,3708,3,7416,2292
296,621,3,1242,529
297,66,3,132,40
298,637,3,1911,251
299,623,3,1963,383
302,87,3,0,0
304,338,3,338,272
305,1015,3,1015,960
306,101,3,101,50
307,26,3,26,0
308,2354,3,4708,1414
309,300,3,600,238
310,177,3,354,84
311,436,3,1308,162
312,258,3,957,70
313,224,3,0,0
314,305,3,0,0
317,19843,3,19843,19147
318,4658,3,4658,4143
319,890,3,890,732
320,116,3,116,75
321,22858,3,45716,27199
322,3749,3,7498,4040
323,688,3,1376,603
324,7701,3,23103,8998
325,4897,3,18049,5162
326,6,3,0,0
327,30,3,0,0
328,21,3,0,0
330,1291,3,1291,1239
331,1452,3,1452,1366
332,458,3,458,395
333,122,3,122,122
334,6039,3,12078,7647
335,2098,3,4196,2521
336,230,3,460,264
337,3609,3,10827,4157
338,2567,3,9411,2800
339,11,3,0,0
340,49,3,0,0
343,1059,3,1059,989
344,2851,3,2851,2771
345,223,3,223,223
346,43,3,43,43
347,8567,3,17134,10367
348,1138,3,2276,1333
349,144,3,288,114
350,1587,3,4761,1930
351,990,3,3709,908
353,19,3,0,0
356,205,3,205,143
357,1811,3,1811,1811
358,162,3,162,143
359,48,3,48,48
360,4512,3,9024,5293
361,452,3,904,581
362,139,3,278,170
363,918,3,2754,1007
364,707,3,2573,766
365,283,3,0,0
366,505,3,0,0
367,11,3,0,0
369,9347,3,9347,9003
370,5207,3,5207,4548
371,964,3,964,857
372,187,3,187,187
373,39455,3,78910,63819
374,5492,3,10984,8028
375,981,3,1962,1450
376,16300,3,48900,28685
377,15383,3,59890,27013
379,6,3,0,0
380,31,3,0,0
382,533,3,533,515
383,1499,3,1499,1465
384,699,3,699,683
385,134,3,134,134
386,12851,3,25702,21550
387,3755,3,7510,5806
388,457,3,914,629
389,6226,3,18678,10513
390,5536,3,21128,10058
395,811,3,811,797
396,4651,3,4651,4641
397,458,3,458,427
398,6,3,6,6
399,20869,3,41738,33890
400,1927,3,3854,2913
401,307,3,614,565
402,2188,3,6564,3421
403,2076,3,8185,3460
408,114,3,114,114
409,4235,3,4235,4214
410,294,3,294,294
412,8793,3,17586,13382
413,710,3,1420,890
414,123,3,246,155
415,850,3,2550,1260
416,1048,3,4281,1763
417,23415,3,0,0
418,5704,3,0,0
419,128,3,0,0
420,33,3,0,0
421,5649,3,5649,0
422,3240,3,3240,0
423,242,3,242,0
424,33,3,33,0
425,894,3,1788,0
426,210,3,420,0
428,43,3,129,0
429,11,3,33,0
430,69,3,0,0
431,31,3,0,0
434,48,3,48,0
435,80,3,80,0
436,4,3,4,0
437,6,3,6,0
439,24,3,48,0
442,26,3,104,0
443,38,3,0,0
444,24,3,0,0
448,39,3,39,0
449,22,3,22,0
451,29,3,58,0
457,21,3,0,0
466,55,3,110,0
468,51,3,153,0
469,6232,3,0,0
470,8184,3,0,0
471,262,3,0,0
472,92,3,0,0
473,4545,3,4545,725
474,5421,3,5421,651
475,971,3,971,66
476,64,3,64,0
477,2990,3,5980,406
478,474,3,948,60
479,88,3,176,0
480,122,3,366,12
481,233,3,753,11
483,22,3,0,0
484,28,3,0,0
486,45,3,45,0
487,131,3,131,17
488,18,3,18,0
491,180,3,360,0
492,57,3,114,39
493,95,3,285,0
494,13,3,39,0
499,29,3,29,0
500,20,3,20,0
503,23,3,46,0
504,22,3,44,0
506,60,3,180,0
507,31,3,108,16
509,31,3,0,0
514,29,3,29,0
516,19,3,38,0
520,3,3,9,0
521,1399,3,0,0
522,4737,3,0,0
523,118,3,0,0
524,79,3,0,0
525,2158,3,2158,1455
526,4768,3,4768,2028
527,621,3,621,210
528,86,3,86,40
529,4246,3,8492,2407
530,1013,3,2026,742
531,182,3,364,94
532,794,3,2382,501
533,395,3,1323,164
535,13,3,0,0
539,83,3,83,63
540,194,3,194,163
542,218,3,436,168
543,160,3,320,101
544,56,3,112,0
545,83,3,249,72
546,119,3,478,33
553,20,3,20,20
554,38,3,38,38
556,67,3,134,0
558,32,3,96,11
559,36,3,125,0
566,14,3,14,14
572,38,3,153,0
573,1224,3,0,0
574,2568,3,0,0
575,88,3,0,0
577,777,3,777,433
578,3176,3,3176,2057
579,482,3,482,351
580,27,3,27,27
581,3842,3,7684,4315
582,851,3,1702,779
583,93,3,186,89
584,951,3,2853,1550
585,607,3,2233,1204
587,16,3,0,0
590,13,3,13,13
591,49,3,49,49
593,18,3,18,18
594,134,3,268,184
595,75,3,150,125
596,8,3,16,0
597,104,3,312,179
598,249,3,973,549
604,25,3,25,25
607,25,3,50,14
608,55,3,110,57
610,15,3,45,45
611,48,3,214,118
621,26,3,52,52
624,10,3,30,30
1,1033,4,0,0
2,228,4,0,0
4,34,4,0,0
5,17785,4,17785,233
6,1573,4,1573,0
7,179,4,179,0
9,7066,4,14132,27
10,217,4,434,0
11,17,4,34,0
12,1457,4,4371,0
13,371,4,1481,0
14,500,4,0,0
15,97,4,0,0
18,6569,4,6569,0
19,1310,4,1310,0
20,124,4,124,0
21,10,4,10,0
22,4178,4,8356,0
23,33,4,66,0
24,26,4,52,0
25,271,4,813,0
27,648,4,0,0
28,162,4,0,0
31,5277,4,5277,0
32,1881,4,1881,0
33,14,4,14,0
35,3990,4,7980,48
36,160,4,320,0
37,64,4,128,0
38,93,4,279,0
39,84,4,294,0
40,732,4,0,0
41,49,4,0,0
44,4720,4,4720,47
45,2655,4,2655,39
46,45,4,45,0
48,3074,4,6148,56
49,194,4,388,0
50,143,4,286,0
51,119,4,357,12
52,66,4,266,0
53,22,4,0,0
54,4,4,0,0
57,19061,4,19061,18873
58,649,4,649,529
59,41,4,41,18
61,13933,4,27866,6754
62,247,4,494,141
64,1595,4,4785,282
65,960,4,3734,0
70,2539,4,2539,2178
71,815,4,815,702
72,21,4,21,21
74,8836,4,17672,5714
75,251,4,502,148
76,44,4,88,31
77,435,4,1305,52
78,364,4,1295,46
83,2286,4,2286,2031
84,1590,4,1590,1416
85,47,4,47,36
87,9074,4,18148,6317
88,219,4,438,151
89,132,4,264,79
90,685,4,2055,186
91,247,4,839,42
96,1079,4,1079,841
97,2168,4,2168,2078
100,5578,4,11156,2702
101,500,4,1000,250
102,195,4,390,114
103,552,4,1656,206
104,383,4,1364,110
105,14,4,0,0
109,6319,4,6319,6319
110,347,4,347,347
111,124,4,124,124
113,18483,4,36966,27309
114,305,4,610,266
115,12,4,24,0
116,1492,4,4476,1860
117,875,4,3252,868
122,864,4,864,864
123,690,4,690,690
126,12088,4,24176,16522
127,563,4,1126,637
128,102,4,204,102
129,559,4,1677,732
130,600,4,2229,745
135,374,4,374,374
136,1356,4,1356,1356
137,3,4,3,3
139,13939,4,27878,18117
140,451,4,902,553
141,6,4,12,6
142,740,4,2220,903
143,378,4,1417,384
148,259,4,259,245
149,1231,4,1231,1228
152,6639,4,13278,8355
153,329,4,658,384
154,217,4,434,234
155,237,4,711,222
156,266,4,1072,208
161,1172,4,1172,1084
162,97,4,97,97
165,11667,4,23334,21736
166,89,4,178,128
167,191,4,382,253
168,963,4,2889,1863
169,841,4,3596,1404
174,92,4,92,92
175,54,4,54,54
178,6834,4,13668,11919
179,146,4,292,211
180,88,4,176,136
181,325,4,975,688
182,668,4,2734,1486
187,66,4,66,66
188,447,4,447,447
189,14,4,14,14
191,9137,4,18274,14869
192,294,4,588,588
193,11,4,22,11
194,331,4,993,587
195,495,4,2236,803
200,23,4,23,23
201,729,4,729,729
202,36,4,36,36
204,2757,4,5514,4217
205,114,4,228,198
206,6,4,12,12
207,241,4,723,453
208,239,4,966,389
209,12706,4,0,0
210,2800,4,0,0
211,193,4,0,0
212,35,4,0,0
213,41671,4,41671,287
214,7660,4,7660,20
215,828,4,828,18
216,151,4,151,0
217,9937,4,19874,78
218,1692,4,3384,0
219,377,4,754,0
220,1305,4,3915,20
221,488,4,1673,0
222,794,4,0,0
223,262,4,0,0
224,68,4,0,0
225,51,4,0,0
226,4354,4,4354,0
227,2471,4,2471,12
228,421,4,421,0
229,152,4,152,0
230,2630,4,5260,4
231,1107,4,2214,16
232,277,4,554,0
233,572,4,1716,0
234,304,4,1044,0
235,465,4,0,0
236,148,4,0,0
237,34,4,0,0
239,2377,4,2377,0
240,2451,4,2451,52
241,448,4,448,0
242,148,4,148,0
243,2485,4,4970,17
244,856,4,1712,0
245,207,4,414,0
246,482,4,1446,0
247,301,4,957,0
248,39,4,0,0
249,219,4,0,0
250,53,4,0,0
252,919,4,919,0
253,1121,4,1121,0
254,339,4,339,0
255,57,4,57,0
256,1535,4,3070,0
257,408,4,816,0
258,36,4,72,0
259,265,4,795,0
260,174,4,649,0
261,1676,4,0,0
262,1783,4,0,0
263,69,4,0,0
264,32,4,0,0
265,45291,4,45291,40064
266,13589,4,13589,7404
267,1341,4,1341,760
268,191,4,191,28
269,32708,4,65416,17429
270,4376,4,8752,2167
271,579,4,1158,386
272,5054,4,15162,2230
273,2483,4,8798,1010
274,49,4,0,0
275,54,4,0,0
277,13,4,0,0
278,3860,4,3860,3519
279,2378,4,2378,1905
280,528,4,528,391
281,179,4,179,102
282,7437,4,14874,5146
283,2731,4,5462,1662
284,475,4,950,225
285,2792,4,8376,1413
286,1360,4,4672,571
287,115,4,0,0
291,2332,4,2332,1930
292,2485,4,2485,2032
293,731,4,731,658
294,79,4,79,79
295,7858,4,15716,5305
296,1339,4,2678,660
297,191,4,382,68
298,1677,4,5031,725
299,955,4,3255,104
304,675,4,675,544
305,1925,4,1925,1665
306,260,4,260,179
307,76,4,76,76
308,4507,4,9014,2871
309,797,4,1594,464
310,247,4,494,105
311,532,4,1596,131
312,785,4,2729,246
313,251,4,0,0
314,839,4,0,0
315,27,4,0,0
317,26480,4,26480,25084
318,9417,4,9417,7783
319,1214,4,1214,898
320,261,4,261,239
321,57249,4,114498,68436
322,7134,4,14268,7850
323,1150,4,2300,1084
324,16411,4,49233,19126
325,9377,4,35279,9333
327,26,4,0,0
330,1901,4,1901,1876
331,1921,4,1921,1868
332,303,4,303,287
333,97,4,97,97
334,14436,4,28872,18246
335,4605,4,9210,5513
336,765,4,1530,857
337,6739,4,20217,7812
338,4311,4,16236,3815
340,32,4,0,0
343,1433,4,1433,1363
344,3254,4,3254,3224
345,234,4,234,234
346,47,4,47,37
347,18274,4,36548,23138
348,2520,4,5040,2741
349,101,4,202,125
350,3018,4,9054,3555
351,1594,4,5967,1555
356,640,4,640,615
357,2796,4,2796,2755
358,98,4,98,98
359,31,4,31,31
360,8234,4,16468,9970
361,890,4,1780,1032
362,21,4,42,21
363,1421,4,4263,1483
364,1324,4,4799,1111
365,198,4,0,0
366,600,4,0,0
367,5,4,0,0
369,9027,4,9027,8603
370,6902,4,6902,6157
371,743,4,743,637
372,168,4,168,168
373,55893,4,111786,89986
374,6264,4,12528,9331
375,1215,4,2430,1585
376,20507,4,61521,35603
377,18785,4,74013,33120
382,609,4,609,581
383,1308,4,1308,1308
384,507,4,507,507
385,12,4,12,12
386,13507,4,27014,22434
387,4305,4,8610,6300
388,581,4,1162,752
389,8042,4,24126,13393
390,6827,4,25953,11473
395,310,4,310,310
396,3568,4,3568,3541
397,212,4,212,212
398,32,4,32,32
399,21545,4,43090,35281
400,2313,4,4626,3458
401,337,4,674,517
402,3743,4,11229,5694
403,2446,4,9570,4187
408,218,4,218,218
409,3088,4,3088,3043
410,123,4,123,123
411,68,4,68,68
412,9771,4,19542,14677
413,776,4,1552,974
414,51,4,102,51
415,1186,4,3558,1953
416,1085,4,4275,1786
417,56261,4,0,0
418,14538,4,0,0
419,278,4,0,0
420,41,4,0,0
421,14027,4,14027,0
422,6314,4,6314,0
423,587,4,587,0
425,2301,4,4602,5
426,159,4,318,0
427,4,4,8,0
428,132,4,396,0
429,106,4,359,0
430,68,4,0,0
431,18,4,0,0
434,17,4,17,0
435,29,4,29,0
436,87,4,87,0
438,85,4,170,0
439,41,4,82,0
442,52,4,171,0
444,33,4,0,0
445,83,4,0,0
447,25,4,25,0
448,19,4,19,0
449,45,4,45,0
453,9,4,18,0
454,10,4,30,0
460,13,4,13,0
461,10,4,10,0
464,7,4,14,0
466,15,4,30,0
468,3,4,9,0
469,11834,4,0,0
470,20658,4,0,0
471,458,4,0,0
472,31,4,0,0
473,7362,4,7362,1506
474,14813,4,14813,1967
475,1424,4,1424,61
476,27,4,27,0
477,8199,4,16398,948
478,1282,4,2564,147
479,253,4,506,11
480,486,4,1458,0
481,246,4,773,0
482,23,4,0,0
483,22,4,0,0
485,16,4,0,0
486,49,4,49,0
487,519,4,519,90
488,131,4,131,21
489,111,4,111,111
490,122,4,244,44
491,83,4,166,0
492,117,4,234,0
493,98,4,294,23
494,52,4,180,41
500,204,4,204,6
501,46,4,46,4
503,40,4,80,18
504,78,4,156,0
505,19,4,38,0
506,40,4,120,0
512,39,4,39,39
513,13,4,13,0
514,48,4,48,17
516,49,4,98,0
517,22,4,44,0
518,31,4,62,0
521,2418,4,0,0
522,7510,4,0,0
523,232,4,0,0
524,15,4,0,0
525,2253,4,2253,1406
526,9333,4,9333,4012
527,1270,4,1270,645
528,85,4,85,16
529,8407,4,16814,5234
530,1538,4,3076,859
531,270,4,540,174
532,1023,4,3069,547
533,501,4,1659,399
538,13,4,13,0
539,145,4,145,122
540,218,4,218,13
542,69,4,138,5
543,183,4,366,127
544,30,4,60,20
545,29,4,87,4
546,441,4,1507,250
549,22,4,0,0
553,43,4,43,0
555,33,4,66,33
556,122,4,244,96
557,65,4,130,0
558,27,4,81,27
559,46,4,157,27
565,44,4,44,44
566,17,4,17,12
568,50,4,100,5
571,30,4,90,30
572,79,4,283,79
573,1590,4,0,0
574,3674,4,0,0
575,71,4,0,0
577,1234,4,1234,791
578,4343,4,4343,2461
579,519,4,519,344
580,20,4,20,20
581,6044,4,12088,6247
582,1140,4,2280,1414
583,254,4,508,246
584,1148,4,3444,1637
585,572,4,2117,800
590,15,4,15,15
591,40,4,40,40
592,31,4,31,31
594,38,4,76,38
595,67,4,134,86
596,62,4,124,62
597,98,4,294,153
598,183,4,887,253
604,7,4,7,0
605,40,4,40,29
607,65,4,130,91
609,33,4,66,41
611,117,4,389,118
617,5,4,5,5
621,30,4,60,30
624,55,4,194,84
