c this is a pilot turn prohibition list for the freeway network.  it needs to be on every scenario
c  this is because the pp code includes turn attributes which are not available
c   to module 2.41 if there are no turns coded.  
t turns init
a   21310   21312   21308   0
a   21311   21309   21313   0
a   21311   21309   21310   0
a   21311   21310   21313   0
a   21304   21307   21302   0
a   21305   21303   21306   0
a   21297   21301   21295   0
a   21298   21296   21300   0
a   21956   21962   21960   0
a   21955   21957   21961   0
a   23555   21285   21284   0
a   21284   21285   23555   0
a   23554   23555   21286   0
a   16042   21284   21286   0
a   16042   21282   21282   0
a   16055   16072   21274   0
a   21273   16093   21274   0
a   21273   16093   16072   0
a   21273   21271   21266   0
a   21273   21271   21274   0
a   21274   21272   21273   0
a   21274   16055   21273   0
a   21272   21271   20018   0
a   21261   21264   21259   0
a   21255   21257   21254   0
a   21256   21253   21258   0
a   21256   21255   21258   0
a   19901   15485   19902   0
a   19900   15419   19903   0
a   20053   20054   20052   0
a   20040   15227   15211   0
a   20038   15211   15198   0
a   20037   20035   15204   0
a   20034   15198   20036   0
a   20033   15191   20035   0
a   19509   21839   21834   0
a   19511   19522   21838   0
a   19489   21828   19521   0
a   19490   19519   21827   0
a   19479   21825   19520   0
a   19478   19518   21824   0
a   19476   21823   19517   0
a   19475   19516   21822   0
a   19470   21819   19515   0
a   19469   19514   21820   0
a   19447   21817   19513   0
a   19448   19512   21818   0
a   5016   21779   5015   0
a   5011   5014   21780   0
a   19366   5004   21773   0
a   19367   21774   5007   0
a   5020   21754   5019   0
a   5017   5018   21753   0
a   5045   21723   5048   0
a   5041   5043   21722   0
a   5047   21701   5046   0
a   5042   5044   21702   0
a   5028   21678   5025   0
a   5022   5023   21676   0
a   5031   21599   5027   0
a   5021   5024   21598   0
a   5038   21537   5033   0
a   5026   5029   21538   0
a   19659   20979   19656   0
a   19660   19655   20978   0
a   5095   5092   5094   0
a   5095   5092   20962   0
a   5095   20962   5094   0
a   20962   20960   20966   0
a   20962   20960   5095   0
a   20962   5095   20966   0
a   20961   20965   20959   0
a   20961   20965   5090   0
a   20961   5090   20959   0
a   5090   5093   5091   0
a   19630   20970   19633   0
a   19641   19636   20972   0
a   19631   20971   19634   0
a   19639   19637   20975   0
a   19622   20957   19620   0
a   19623   19621   20958   0
a   19608   20954   19605   0
a   19611   19607   20955   0
a   5126   5127   22063   0
a   22064   22062   5118   0
a   22059   22058   5173   0
a   5172   22057   5167   0
a   5287   5295   22039   0
a   5294   22040   5296   0
a   5393   5388   22035   0
a   5400   22036   5394   0
a   5571   22034   5573   0
a   5538   5562   22033   0
a   5917   22032   5942   0
a   5916   5926   22031   0
a   6099   6126   22015   0
a   6131   22016   6132   0
a   22012   22014   6431   0
a   6400   6425   22013   0
a   6664   6696   22010   0
a   6661   22011   6699   0
a   6770   22009   6766   0
a   6744   6762   22008   0
a   6084   6059   22028   0
a   6033   22027   6057   0
a   6546   6562   22037   0
a   6542   22038   6561   0
a   6950   22060   6977   0
a   7008   6998   22061   0
a   14742   20812   21106   0
a   14741   21108   14768   0
a   13995   21113   13963   0
a   13994   21116   14022   0
a   13769   13801   21118   0
a   13768   13736   21117   0
a   21121   21120   13468   0
a   13507   21122   13534   0
a   13062   21125   13033   0
a   13061   21126   13101   0
a   10701   21143   10738   0
a   10701   21143   21747   0
a   10701   21747   10738   0
a   21747   21745   21748   0
a   21747   10701   21748   0
a   21747   21745   10701   0
a   21744   21746   21743   0
a   21744   21746   10691   0
a   21744   10691   21743   0
a   10691   21742   10669   0
a   10691   21742   21744   0
a   10691   21744   10669   0
a   10334   21157   10393   0
a   10334   21157   21154   0
a   10334   21154   10393   0
a   21154   21150   21156   0
a   21154   10334   21156   0
a   21154   21150   10334   0
a   21148   21153   21149   0
a   21148   21153   10314   0
a   21148   10314   21149   0
a   10314   21146   10262   0
a   10314   21146   21148   0
a   10314   21148   10262   0
a   21176   21174   9459   0
a   9477   21177   9488   0
a   8812   8843   21191   0
a   8811   21192   8842   0
a   8428   21230   8431   0
a   8474   21231   8463   0
a   8285   21232   8280   0
a   8305   21235   8318   0
a   8249   20751   8229   0
a   8212   20748   8228   0
a   8219   20752   8241   0
a   8255   20755   8245   0
a   8244   8260   20763   0
a   8279   20764   8264   0
a   8250   20765   8263   0
a   8287   20766   8269   0
a   8284   8257   20771   0
a   8284   20770   8286   0
a   8284   20770   20771   0
a   7926   20775   7929   0
a   7955   7956   20774   0
a   7828   7849   20779   0
a   7851   7846   20777   0
a   7113   7125   7117   0
a   7136   7121   7133   0
a   6605   6642   6583   0
a   6604   6587   6646   0
a   12167   21841   12178   0
a   12168   21840   12124   0
a   12739   12721   21837   0
a   12676   12688   21836   0
a   12428   12489   12388   0
a   12430   12364   12461   0
a   12448   12393   12429   0
a   12354   12419   12369   0
a   12913   20582   12892   0
a   12861   12882   20581   0
a   13612   13586   20577   0
a   13559   20576   13571   0
a   13860   13818   20518   0
a   20547   13860   20550   0
a   20548   20549   13763   0
a   13763   13812   20554   0
a   13763   13812   20548   0
a   13763   20548   20554   0
a   13861   13819   20493   0
a   13861   20495   20493   0
a   20495   13861   20497   0
a   20496   20498   13759   0
a   13759   13802   20499   0
a   13759   13802   20496   0
a   14026   20409   14027   0
a   20406   20405   20408   0
a   20406   14026   20408   0
a   20406   20405   14026   0
a   20404   20407   20403   0
a   20404   20407   13952   0
a   20404   13952   20403   0
a   13952   20401   13946   0
a   13952   20401   20404   0
a   13952   20404   13946   0
a   14298   20394   20376   0
a   14298   20394   20380   0
a   14298   20380   20376   0
a   20380   20378   20384   0
a   20380   14298   20384   0
a   20380   20378   14298   0
a   20379   20381   20377   0
a   20379   20381   14216   0
a   20379   14216   20377   0
a   14216   20375   20393   0
a   14216   20375   20379   0
a   14216   20379   20393   0
a   14751   20370   14756   0
a   14660   21203   14668   0
a   14984   14976   21178   0
a   14952   14963   21184   0
a   15378   20839   15460   0
a   15379   15444   20838   0
a   17968   17956   17957   0
a   17936   17945   17944   0
a   17813   17798   17829   0
a   17785   17811   17783   0
a   17836   17823   17825   0
a   17797   17807   17808   0
a   17842   17828   17830   0
a   17793   17815   17814   0
a   22251   17842   22253   0
a   22252   17793   22250   0
a   17875   17866   22248   0
a   17854   22249   17861   0
a   17881   17908   17904   0
a   17879   17882   22186   0
a   17219   17205   17202   0
a   17181   17192   17194   0
a   17154   17170   17165   0
a   16729   16774   22145   0
a   16728   22146   16733   0
a   19072   19091   19090   0
a   18877   18872   18867   0
a   18594   18582   18581   0
a   18265   18277   18276   0
a   17678   17688   17670   0
a   17674   17669   17685   0
a   17566   23854   17538   0
a   16481   20424   20419   0
a   20433   20435   20430   0
a   15578   20415   20417   0
a   15578   20415   20422   0
a   15578   20417   20422   0
a   20417   20421   20420   0
a   20417   15578   20420   0
a   20417   20421   15578   0
a   20436   20429   20431   0
a   20436   20429   15577   0
a   20436   15577   20431   0
a   15577   20434   20436   0
a   13186   20471   20476   0
a   13186   20471   20470   0
a   13186   20470   20476   0
a   20470   13186   20472   0
a   20470   20473   13186   0
a   20470   20473   20472   0
a   20479   13190   20477   0
a   20479   20475   13190   0
a   20479   20475   20477   0
a   13190   20479   20474   0
a   13190   20478   20479   0
a   13190   20478   20474   0
a   12323   20463   20467   0
a   12332   20480   20466   0
a   20469   20480   20468   0
a   20464   20463   20465   0
a   10551   20503   10529   0
a   10527   10521   20502   0
a   9777   20509   20510   0
a   9776   20513   20511   0
a   9430   9417   20512   0
a   9431   9446   20516   0
a   9288   9259   20537   0
a   9275   20515   9249   0
a   9085   20517   20536   0
a   8453   8488   20559   0
a   20556   20560   8491   0
a   7654   7710   7624   0
a   7653   7623   7705   0
a   6555   6588   6530   0
a   6554   6535   6592   0
a   5806   5830   21792   0
a   5805   21793   5829   0
a   19407   21797   19537   0
a   19538   19536   21796   0
a   19535   5204   21790   0
a   19405   21791   5203   0
a   19534   5178   21794   0
a   19406   21795   5179   0
a   19411   21808   19531   0
a   21812   19532   21810   0
a   21801   21799   19525   0
a   19408   19524   21798   0
a   19413   19526   21813   0
a   19422   21814   19527   0
a   19418   19528   21815   0
a   19530   21816   19529   0
a   11301   20245   11314   0
a   11301   20245   20242   0
a   11301   20242   11314   0
a   11292   20235   20234   0
a   20234   20238   20237   0
a   20234   20238   11292   0
a   20234   11292   20237   0
a   20242   20239   20240   0
a   20242   20239   11301   0
a   20242   11301   20240   0
a   11086   24031   11068   0
a   10703   10732   10736   0
a   10240   10224   10288   0
a   22085   9393   22083   0
a   9393   22085   9433   0
a   8892   8891   8845   0
a   8892   8909   22090   0
a   8816   8846   8802   0
a   8816   8818   8802   0
a   8439   22088   8432   0
a   8447   8436   22089   0
a   22092   22094   22098   0
a   22109   22099   22104   0
a   7536   7503   7563   0
a   7536   7503   22111   0
a   7536   22111   7563   0
a   22111   22107   22112   0
a   22111   7536   22112   0
a   22111   22107   7536   0
a   22102   22100   22105   0
a   22102   22100   7537   0
a   22102   7537   22105   0
a   7537   7564   7504   0
a   7118   7102   7131   0
a   6822   6830   6836   0
a   6823   6837   6828   0
a   6610   6598   20743   0
a   20744   6601   20745   0
a   6408   23273   23278   0
a   23271   23274   23276   0
a   23269   23270   23272   0
a   5274   21692   5280   0
a   5273   5283   21689   0
a   19671   21687   19672   0
a   19674   19673   21688   0
a   13701   20685   13926   0
a   13701   20685   13702   0
a   13670   13659   13664   0
a   20680   13610   20679   0
a   13610   20680   13645   0
a   20680   20683   13610   0
a   13657   20684   20682   0
a   13657   20684   13648   0
a   13657   20682   13648   0
a   20682   20681   13657   0
a   20680   20683   20679   0
a   13599   20662   24023   0
a   13599   24025   24023   0
a   13541   20643   13568   0
a   20640   13535   13553   0
a   13553   20637   20640   0
a   20639   20638   20642   0
a   20638   20639   13512   0
a   20630   20633   20631   0
a   20631   13418   20630   0
a   13429   13405   20628   0
a   13405   13429   13419   0
a   13203   13201   20623   0
a   20623   20620   13203   0
a   13169   20624   13188   0
a   20624   13169   20619   0
a   13106   13092   13056   0
a   13029   13045   13076   0
a   12977   12989   20609   0
a   20612   12932   20613   0
a   19020   19023   19021   0
a   18897   18871   18904   0
a   22144   22142   22143   0
a   22144   18897   22143   0
a   22144   22142   18897   0
a   22139   22141   22140   0
a   22139   22141   18894   0
a   22139   18894   22140   0
a   18894   18905   18870   0
a   18894   18905   22139   0
a   18894   22139   18870   0
a   22173   18395   22172   0
a   22171   22170   22172   0
a   22171   22169   22168   0
a   18287   18303   18282   0
a   18288   18280   18304   0
a   18288   22180   18304   0
a   22174   18287   22175   0
a   22180   18288   22177   0
a   18131   18134   18125   0
a   17697   22218   17689   0
a   17031   17039   17025   0
a   16410   20553   20522   0
a   16410   20553   20540   0
a   16410   20540   20522   0
a   20540   20539   20546   0
a   20540   20539   16410   0
a   20540   16410   20546   0
a   20541   20543   20538   0
a   20541   20543   16351   0
a   20541   16351   20538   0
a   16351   20508   20552   0
a   16351   20508   20541   0
a   16351   20541   20552   0
a   16354   20494   16345   0
a   16329   20489   16340   0
a   16349   20395   16335   0
a   16349   20395   21222   0
a   16349   21222   16335   0
a   21222   21220   21226   0
a   21222   16349   21226   0
a   21222   21220   16349   0
a   21223   21225   21219   0
a   21223   21225   16305   0
a   21223   16305   21219   0
a   16305   21218   16328   0
a   16305   21218   21223   0
a   16305   21223   16328   0
a   16350   16434   16356   0
a   16393   16364   21202   0
a   21211   21208   21213   0
a   21211   16393   21213   0
a   21211   21208   16393   0
a   16342   21209   21207   0
a   16342   21209   21212   0
a   16342   21212   21207   0
a   21212   16352   16342   0
a   21197   16394   21198   0
a   21196   21199   16343   0
a   16394   21197   16370   0
a   16311   20874   16274   0
a   16311   20874   20869   0
a   16311   20869   16274   0
a   20869   20868   20872   0
a   20869   16311   20872   0
a   20869   20868   16311   0
a   20870   20871   20867   0
a   20870   20871   16260   0
a   20870   16260   20867   0
a   16260   20866   16277   0
a   16222   22261   20855   0
a   16208   20856   16211   0
a   20849   20852   16238   0
a   16219   20848   16223   0
a   20790   15271   20788   0
a   14928   21442   21446   0
a   14990   21447   21441   0
a   21437   21440   21435   0
a   14873   21436   21439   0
a   21431   21433   21430   0
a   21422   21425   23770   0
a   21423   23769   21426   0
a   23765   23770   23766   0
a   21411   21407   21408   0
a   21393   21391   21395   0
a   21384   21388   21382   0
a   21373   13935   21378   0
a   21352   13685   21356   0
a   21343   21347   21341   0
a   21344   21342   21346   0
a   13420   13441   13416   0
a   13426   13448   13420   0
a   13382   13403   13413   0
a   13403   21654   13383   0
a   12954   12953   21641   0
a   12954   12955   13003   0
a   12955   13010   21638   0
a   12927   12905   12858   0
a   21639   21630   21646   0
a   21646   21631   21639   0
a   21626   12585   21628   0
a   21626   21629   12585   0
a   21626   21629   21628   0
a   12585   21626   12537   0
a   21639   21630   12644   0
a   21636   21633   21634   0
a   21636   21633   21645   0
a   21636   21645   21634   0
a   21645   21635   21636   0
a   21624   12147   21627   0
a   11892   11794   11882   0
a   21652   11809   11755   0
a   11156   11218   21585   0
a   21585   21588   11156   0
a   21590   11168   21589   0
a   11168   21590   11211   0
a   21570   21569   21568   0
a   10577   21569   21568   0
a   21571   21573   21572   0
a   10572   21573   10589   0
a   8645   21564   21562   0
a   21564   8645   21562   0
a   8634   8667   21548   0
a   21548   8667   8634   0
a   21555   8252   21556   0
a   21555   8247   21561   0
a   8247   8200   21559   0
a   8247   21555   21559   0
a   8252   21555   21556   0
a   7725   7717   21565   0
a   7437   7466   21542   0
a   21545   21541   21551   0
a   21545   7437   21551   0
a   21545   21541   7437   0
a   21558   21554   21553   0
a   21558   21554   7422   0
a   21558   7422   21553   0
a   7422   21543   7444   0
a   7422   21543   21558   0
a   7422   21558   7444   0
a   7031   7062   20592   0
a   7035   20595   7061   0
a   6045   6050   20584   0
a   20969   20968   5195   0
a   5191   5194   20967   0
a   5191   5194   20969   0
a   5191   20969   20967   0
a   23874   23877   23875   0
a   23877   23876   23874   0
a   5157    23875   23874   0
a   23877   5157    23874   0
a   23875   23876   5157    0
a   23875   23874   5157    0
a   23875   23874   23876   0
a   23877   5157    23876   0
a   5101    20952   5108    0
a   5101    5107    20950   0
a   5101    20952   20950   0
a   5101    5107    5108    0
a   5106    5105    5102    0
a   5096    5099    5097    0
a   19742   19744   19740   0
a   19743   19741   19745   0
a   5062    20948   5058    0
a   5054    5055    20947   0
a   19549   20944   19545   0
a   19548   19544   20943   0
a   5082    20938   5080    0
a   5074    5079    20937   0
a   5081    5077    5075    0
a   5081    5077    20934   0
a   5081    20934   5075    0
a   20934   20932   20936   0
a   20934   5081    20936   0
a   20934   20932   5081    0
a   20933   20935   20931   0
a   20933   20935   5066    0
a   20933   5066    20931   0
a   5066    5073    5076    0
a   5066    5073    20933   0
a   5066    20933   5076    0
a   5078    5071    5070    0
a   20930   20929   5078    0
a   20930   5068    5059    0
a   5072    5067    5065    0
a   5053    5063    5064    0
a   20926   5072    20927   0
a   20928   5053    20925   0
a   5052    5051    20923   0
a   5049    20924   5050    0
a   15567   15545   15546   0
a   13473   13515   21071   0
a   13472   21076   13514   0
a   13376   21072   13345   0
a   13376   13349   21075   0
a   13013   13064   21055   0
a   13013   12978   21065   0
a   12642   21070   12606   0
a   12652   23956   12672   0
a   12305   20211   12286   0
a   12304   20215   12343   0
a   12161   23982   12199   0
a   12162   20210   12132   0
a   20218   20213   20214   0
a   20218   20213   12161   0
a   20218   12161   20214   0
a   20209   20212   12162   0
a   11849   11773   20223   0
a   11849   11773   20227   0
a   11849   20227   20223   0
a   20227   20225   20226   0
a   20227   11849   20226   0
a   20227   20225   11849   0
a   20222   11848   20224   0
a   11466   20196   11425   0
a   20193   20190   20194   0
a   20193   11466   20194   0
a   20193   20190   11466   0
a   20192   20195   20191   0
a   20192   20195   11392   0
a   20192   11392   20191   0
a   11392   20189   11415   0
a   10093   20148   20149   0
a   10093   20151   10211   0
a   10065   20149   20148   0
a   10065   20145   20144   0
a   10065   20142   20144   0
a   9998   20138   10026   0
a   10066   20139   10042   0
a   10077   9992   20112   0
a   20113   20111   9980   0
a   10144   20090   10166   0
a   10094   10148   20089   0
a   20066   22271   20064   0
a   10367   20069   10321   0
a   10135   10149   23611   0
a   23611   10109   10133   0
a   10109   23611   10133   0
a   23618   10149   10061   0
a   14746   24047   14743   0
a   20385   20382   20390   0
a   20385   14746   20390   0
a   20385   20382   14746   0
a   20386   20389   20383   0
a   20386   20389   14632   0
a   20386   14632   20383   0
a   14632   14642   24046   0
a   20349   13019   20352   0
a   20350   24016   12946   0
a   13019   13012   12997   0
a   13019   22293   22305   0
a   13019   22293   22305   0
a   22292   22296   22288   0
a   22288   22292   22293   0
a   11470   20268   11528   0
a   23704   11490   23705   0
a   11490   23704   23705   0
a   23703   23706   11426   0
a   11426   23706   23703   0
a   21664   11927   21662   0
a   11927   21664   11903   0
a   21663   21661   11855   0
a   11855   21661   21663   0
a   12138   12093   21595   0
a   21595   21594   12138   0
a   21592   11928   21593   0
a   12042   12209   12051   0
a   20732   20731   12123   0
a   20733   12002   20729   0
a   20733   12002   20730   0
a   20730   20733   12002   0
a   20728   12113   20727   0
a   12104   12062   12107   0
a   12028   12014   12043   0
a   11765   11777   11762   0
a   11721   11722   11764   0
a   11648   20719   11645   0
a   11605   11612   20718   0
a   11603   11598   11607   0
a   11545   11551   11584   0
a   11062   11058   20692   0
a   11028   20690   10977   0
a   10862   10959   21534   0
a   21533   10862   21534   0
a   11005   21532   10952   0
a   10852   10923   21531   0
a   11007   21530   10948   0
a   10853   10912   21529   0
a   11026   21527   10929   0
a   10854   10906   21528   0
a   10993   21525   10910   0
a   10807   10897   21526   0
a   21521   21523   21519   0
a   21522   21520   21524   0
a   10944   10886   10884   0
a   10817   10861   10863   0
a   10947   10892   21517   0
a   10816   21518   10860   0
a   10949   10894   21515   0
a   10809   21516   10851   0
a   11012   10902   21511   0
a   10800   21512   10848   0
a   10976   10907   21509   0
a   10808   21510   10840   0
a   11000   10911   21507   0
a   10801   21506   10839   0
a   10761   10785   22473   0
a   20482   22479   10789   0
a   10255   10235   21760   0
a   10207   21759   10219   0
a   10189   10180   21190   0
a   10126   21188   10151   0
a   9925   19300   24043   0
a   9855   24042   19297   0
a   9905   9858   9883   0
a   9810   9814   9835   0
a   9752   9702   9746   0
a   9699   9632   9681   0
a   9635   21718   9630   0
a   9574   9577   21719   0
a   9627   9606   9628   0
a   9593   9588   9600   0
a   9990   9991   22071   0
a   9871   22072   9872   0
a   9823   9824   9800   0
a   9753   9779   9754   0
a   9853   9857   22065   0
a   9801   9816   9803   0
a   21677   9860   21671   0
a   21673   21675   21674   0
a   21675   21673   21672   0
a   9802   21670   9819   0
a   9802   21673   9819   0
a   21667   9898   9966   0
a   9825   9997   21668   0
a   21665   9898   21666   0
